1860011221000000001 183 P  358.67   5.08     0  -3.00  1011.90  1011.90  1.60            St. George d'Elmina  65468         9999  9999
1860011221000000002 181 P  245.38  32.73    46  -3.00  1012.28  9999.99  1.20                      FORT YUMA  AZ-000250     9999  9999
1860011221000000003 181 P  170.50 -45.88    12  -3.00  1003.73  9999.99  1.20                  Dunedin Burns  I50850_aner   9999  9999
1860011221300000001 181 P  282.95  38.89    11  -2.50  1019.75  9999.99  1.20 US Naval Observatory at Washin  USNO          9999  9999
1860011221400000001 183 P    5.13  52.08     0  -2.33  1024.90  1024.90  1.60                        Utrecht  Utrecht       9999  9999
1860011221001000000 180 P  343.88  42.15     0  -3.00  1013.40  1013.40  2.00                   10 PEERLESS    0 PEERLESS     69   701
1860011221001000001 180 P  349.23  34.49     0  -3.00  1004.10  1004.10  2.00                   10 COTTON      0 COTTON       69   701
1860011221001000002 180 P  339.50   1.50     0  -3.00  1005.90  1005.90  2.00                                                  1   193
1860011221001000003 180 P  341.50  -0.50     0  -3.00  1011.80  1011.80  2.00                                                  1   193
1860011221001000004 180 P  342.50  -6.50     0  -3.00  1010.40  1010.40  2.00                                                  1   193
1860011221001000005 180 P   11.06  -6.25     0  -3.00  1008.80  1008.80  2.00                   10 VINCENNE    0 VINCENNE     69   701
1860011221001000006 180 P  109.50 -43.50     0  -3.00  1015.90  1015.90  2.00                                                  1   193
1860011221005000000 194 P  342.16  45.78     0  -3.00  1022.80  1022.80  2.00                   10 J. GODFRE   0 J. GODFRE   152   721
1860011221005000001 194 P  231.93  38.05     0  -3.00  1026.80  1026.80  2.00                   10 MILWAUKEE   0 MILWAUKEE   152   721
1860011221005000002 194 P  100.87   3.03     0  -3.00  1016.00  1016.00  2.00                   10 CLEMENS     0 CLEMENS     152   721
1860011221005000003 194 P  184.51   0.13     0  -3.00  1007.80  1007.80  2.00                   10 DARING      0 DARING      152   721
1860011221005000004 194 P  322.21  -0.03     0  -3.00  1012.20  1012.20  2.00                   10 MERRIMAC    0 MERRIMAC    152   721
1860011221005000005 194 P  342.83  -4.19     0  -3.00  1014.30  1014.30  2.00                   10 JOHN ARTH   0 JOHN ARTH   152   721
1860011221005000006 194 P  176.39 -23.75     0  -3.00  1013.10  1013.10  2.00                   10 JOHN KNOX   0 JOHN KNOX   152   721
1860011221005000007 194 P  262.52 -27.93     0  -3.00  1027.60  1027.60  2.00                   10 NAPIER      0 NAPIER      152   721
1860011222000000001 183 P  353.35  54.35     0  -2.00  1018.20  1018.20  1.60                         ARMAGH  ARMAGH        9999  9999
1860011222000000004 181 P  238.50  38.58     6  -2.00  1024.82  9999.99  1.20                     SACRAMENTO  CA-047633     9999  9999
1860011222000000005 181 P  241.64  46.05   274  -2.00   987.61  9999.99  1.20               FORT WALLA WALLA  WA-452977     9999  9999
1860011222000000006 181 P  241.64  46.05   274  -2.00   987.61  9999.99  1.20               FORT WALLA WALLA  WA-452977     9999  9999
1860011222000000007 181 P  296.40  44.60    40  -2.00  1008.03  1010.89  1.20                        Halifax  halifax       9999  9999
1860011222300000001 181 P   57.49 -20.17     6  -1.50  1003.69  9999.99  1.20                      Mauritius  mauritius     9999  9999
1860011222300000002 181 P  337.27  65.07    11  -1.50   998.10  1000.80  1.20                  Stykkisholmur  04013         9999  9999
1860011222001000000 180 P  329.67  49.81     0  -2.00   999.40   999.40  2.00                   10 AFRICA      0 AFRICA       69   701
1860011222001000001 180 P  327.50  21.50     0  -2.00  1021.40  1021.40  2.00                                                  1   193
1860011222001000002 180 P  327.50  21.50     0  -2.00  1019.40  1019.40  2.00                                                  1   193
1860011222001000003 180 P  335.13  11.23     0  -2.00  1011.30  1011.30  2.00                   10 MARIA       0 MARIA        69   701
1860011222001000004 180 P   91.50 -19.50     0  -2.00  1013.60  1013.60  2.00                                                  1   193
1860011222001000005 180 P   91.50 -18.50     0  -2.00  1014.00  1014.00  2.00                                                  1   193
1860011222001000006 180 P   95.50 -19.50     0  -2.00  1014.80  1014.80  2.00                                                  1   193
1860011222001000007 180 P  324.62 -13.64     0  -2.00  1012.40  1012.40  2.00                   10 ETHA        0 ETHA         69   701
1860011222001000008 180 P  325.09 -19.94     0  -2.00  1010.80  1010.80  2.00                   10 FREE_TRA    0 FREE_TRA     69   701
1860011222001000009 180 P  329.50 -22.50     0  -2.00  1018.90  1018.90  2.00                                                  1   193
1860011222001000010 180 P  329.60 -22.40     0  -2.00  1019.00  1019.00  2.00                                                  4   156
1860011222001000011 180 P  328.78 -31.36     0  -2.00  1019.20  1019.20  2.00                   10 JOHN_ADA    0 JOHN_ADA     69   701
1860011222001000012 180 P   33.50 -42.50     0  -2.00  1021.10  1021.10  2.00                                                  1   193
1860011222005000000 194 P  333.96  -5.74     0  -2.00  1013.60  1013.60  2.00                   10 DERBY       0 DERBY       152   721
1860011222005000001 194 P  332.47  -6.92     0  -2.00  1007.60  1007.60  2.00                   10 MAGNOLIA    0 MAGNOLIA    152   721
1860011223000000001 181 P  144.95 -35.53    93  -1.00   995.00  1005.60  1.20                     Deniliquin  074128        9999  9999
1860011223000000002 181 P  279.38  40.37   226  -1.00  1001.89  9999.99  1.20                   STEUBENVILLE  OH-338025     9999  9999
1860011223000000003 183 P    2.34  48.84     0  -1.00  1023.10  1023.10  1.60              Paris observatory  75114002      9999  9999
1860011223010000001 181 P  224.65  57.05    25  -0.98  1002.25  9999.99  1.20                          Sitka  sitka         9999  9999
1860011223300000001 181 P  282.95  38.89    11  -0.50  1021.09  9999.99  1.20 US Naval Observatory at Washin  USNO          9999  9999
1860011223001000000 180 P   11.18  -6.27     0  -1.00  1008.80  1008.80  2.00                   10 VINCENNE    0 VINCENNE     69   701
1860011223001000001 180 P   78.50 -22.50     0  -1.00  1013.40  1013.40  2.00                                                  1   193
1860011223001000002 180 P   80.50 -20.50     0  -1.00  1012.20  1012.20  2.00                                                  1   193
1860011223001000003 180 P    9.50 -28.50     0  -1.00  1014.30  1014.30  2.00                                                  1   193
1860011223001000004 180 P   10.50 -31.50     0  -1.00  1017.10  1017.10  2.00                                                  1   193
1860011223001000005 180 P   13.50 -36.50     0  -1.00  1020.60  1020.60  2.00                                                  1   193
1860011223001000006 180 P   14.50 -43.50     0  -1.00  1021.90  1021.90  2.00                                                  1   193
1860011223005000000 194 P  309.57  38.86     0  -1.00  1015.30  1015.30  2.00                   10 MARYLAND    0 MARYLAND    152   721
1860011223005000001 194 P  322.15   0.03     0  -1.00  1013.20  1013.20  2.00                   10 MERRIMAC    0 MERRIMAC    152   721
1860011223005000002 194 P  315.47 -32.06     0  -1.00  1016.10  1016.10  2.00                   10 CORINNE     0 CORINNE     152   721
1860011223005000003 194 P  311.31 -34.92     0  -1.00  1009.60  1009.60  2.00                   10 ARCHER      0 ARCHER      152   721
1860011300000000001 181 P    4.90  52.37     3   0.00  1019.80  9999.99  1.20        Nieuwmarkt-GelderseKade  amsterdam     9999  9999
1860011300000000002 181 P    4.90  52.37     3   0.00  1019.90  9999.99  1.20        Nieuwmarkt-GelderseKade  amsterdam     9999  9999
1860011300000000003 181 P    4.90  52.37     3   0.00  1019.90  9999.99  1.20        Nieuwmarkt-GelderseKade  amsterdam     9999  9999
1860011300000000004 181 P    4.90  52.37     3   0.00  1019.90  9999.99  1.20        Nieuwmarkt-GelderseKade  amsterdam     9999  9999
1860011300000000005 181 P    4.90  52.37     3   0.00  1019.90  9999.99  1.20        Nieuwmarkt-GelderseKade  amsterdam     9999  9999
1860011300000000006 181 P    4.90  52.37     3   0.00  1019.90  9999.99  1.20        Nieuwmarkt-GelderseKade  amsterdam     9999  9999
1860011300000000007 181 P    4.90  52.37     3   0.00  1019.90  9999.99  1.20        Nieuwmarkt-GelderseKade  amsterdam     9999  9999
1860011300000000008 181 P    4.90  52.37     3   0.00  1019.90  9999.99  1.20        Nieuwmarkt-GelderseKade  amsterdam     9999  9999
1860011300000000009 181 P    4.90  52.37     3   0.00  1020.46  9999.99  1.20        Nieuwmarkt-GelderseKade  amsterdam     9999  9999
1860011300000000010 181 P    4.90  52.37     3   0.00  1020.57  9999.99  1.20        Nieuwmarkt-GelderseKade  amsterdam     9999  9999
1860011300000000011 181 P    4.90  52.37     3   0.00  1020.67  9999.99  1.20        Nieuwmarkt-GelderseKade  amsterdam     9999  9999
1860011300000000012 181 P    4.90  52.37     3   0.00  1020.72  9999.99  1.20        Nieuwmarkt-GelderseKade  amsterdam     9999  9999
1860011300000000013 181 P    4.90  52.37     3   0.00  1020.72  9999.99  1.20        Nieuwmarkt-GelderseKade  amsterdam     9999  9999
1860011300000000014 181 P    4.90  52.37     3   0.00  1020.82  9999.99  1.20        Nieuwmarkt-GelderseKade  amsterdam     9999  9999
1860011300000000015 181 P    4.90  52.37     3   0.00  1020.82  9999.99  1.20        Nieuwmarkt-GelderseKade  amsterdam     9999  9999
1860011300000000016 181 P    4.90  52.37     3   0.00  1020.82  9999.99  1.20        Nieuwmarkt-GelderseKade  amsterdam     9999  9999
1860011300000000017 181 P    4.90  52.37     3   0.00  1020.82  9999.99  1.20        Nieuwmarkt-GelderseKade  amsterdam     9999  9999
1860011300000000018 181 P    4.90  52.37     3   0.00  1020.92  9999.99  1.20        Nieuwmarkt-GelderseKade  amsterdam     9999  9999
1860011300000000019 181 P    4.90  52.37     3   0.00  1020.92  9999.99  1.20        Nieuwmarkt-GelderseKade  amsterdam     9999  9999
1860011300000000020 181 P    4.90  52.37     3   0.00  1020.92  9999.99  1.20        Nieuwmarkt-GelderseKade  amsterdam     9999  9999
1860011300000000021 181 P    4.90  52.37     3   0.00  1020.92  9999.99  1.20        Nieuwmarkt-GelderseKade  amsterdam     9999  9999
1860011300000000022 181 P    4.90  52.37     3   0.00  1021.03  9999.99  1.20        Nieuwmarkt-GelderseKade  amsterdam     9999  9999
1860011300000000023 181 P    4.90  52.37     3   0.00  1021.03  9999.99  1.20        Nieuwmarkt-GelderseKade  amsterdam     9999  9999
1860011300000000024 181 P    4.90  52.37     3   0.00  1021.13  9999.99  1.20        Nieuwmarkt-GelderseKade  amsterdam     9999  9999
1860011300000000025 183 P  174.76 -36.85     0   0.00  1004.61  1004.61  1.60        Chapel Street, Auckland  chapel_stree  9999  9999
1860011300001000000 180 P  307.19  35.47     0   0.00  1029.20  1029.20  2.00                   10 AMA*        0 AMA*         69   701
1860011300001000001 180 P  353.50  -4.50     0   0.00  1009.30  1009.30  2.00                                                  1   193
1860011300001000002 180 P  352.50 -15.50     0   0.00  1017.20  1017.20  2.00                                                  1   193
1860011300001000003 180 P    7.50 -27.50     0   0.00  1019.80  1019.80  2.00                                                  1   193
1860011300001000004 180 P   66.50 -39.50     0   0.00  1016.90  1016.90  2.00                                                  1   193
1860011300001000005 180 P  295.86 -49.99     0   0.00   983.40   983.40  2.00                   10 OCEAN_TE    0 OCEAN_TE     69   701
1860011300001000006 180 P  302.16 -43.26     0   0.00  1001.40  1001.40  2.00                   10 REPORTER    0 REPORTER     69   701
1860011300005000000 194 P  231.87  38.12     0   0.00  1026.80  1026.80  2.00                   10 MILWAUKEE   0 MILWAUKEE   152   721
1860011300005000001 194 P  293.84  38.07     0   0.00  1018.70  1018.70  2.00                   10 ELBE        0 ELBE        152   721
1860011300005000002 194 P  293.55  30.42     0   0.00  1027.50  1027.50  2.00                   10 COMET       0 COMET       152   721
1860011300005000003 194 P  305.25  19.00     0   0.00  1015.50  1015.50  2.00                   10 MARY        0 MARY        152   721
1860011300005000004 194 P  184.50   0.13     0   0.00  1006.80  1006.80  2.00                   10 DARING      0 DARING      152   721
1860011300005000005 194 P   54.96 -23.72     0   0.00   937.70   937.70  2.00                   10 EVELYN      0 EVELYN      152   721
1860011300005000006 194 P  176.23 -23.80     0   0.00  1013.10  1013.10  2.00                   10 JOHN KNOX   0 JOHN KNOX   152   721
1860011300005000007 194 P  304.06 -36.30     0   0.00   981.30   981.30  2.00                   10 LOMBARD     0 LOMBARD     152   721
1860011301000000001 181 P  307.34  47.51    52   1.00  1001.16  9999.99  1.20          St Johns,Newfoundland  st_johns      9999  9999
1860011301210000001 181 P  279.58  23.70    24   1.35  1025.74  9999.99  1.20             Cal Sal Lighthouse  caysallthous  9999  9999
1860011301300000001 181 P  282.95  38.89    11   1.50  1021.37  9999.99  1.20 US Naval Observatory at Washin  USNO          9999  9999
1860011301300000002 181 P  295.32  32.38    45   1.50  1020.82  9999.99  1.20                        Bermuda  bermuda       9999  9999
1860011301001000000 180 P  282.57  32.59     0   1.00  1010.50  1010.50  2.00                   10 OLD_HICK    0 OLD_HICK     69   701
1860011301001000001 180 P  289.67  29.29     0   1.00  1025.70  1025.70  2.00                   10 POLLUX      0 POLLUX       69   701
1860011301001000002 180 P  291.43  28.40     0   1.00  1025.30  1025.30  2.00                   10 ARCOLE      0 ARCOLE       69   701
1860011301001000003 180 P  339.50   2.50     0   1.00  1006.60  1006.60  2.00                                                  1   193
1860011301001000004 180 P  341.50  -0.50     0   1.00  1013.10  1013.10  2.00                                                  1   193
1860011301001000005 180 P   11.30  -6.28     0   1.00  1008.70  1008.70  2.00                   10 VINCENNE    0 VINCENNE     69   701
1860011301001000006 180 P  281.84 -53.03     0   1.00   989.30   989.30  2.00                   10 WASHINGT    0 WASHINGT     69   701
1860011301005000000 194 P  286.80  31.22     0   1.00  1023.50  1023.50  2.00                   10 DAVID CRO   0 DAVID CRO   152   721
1860011301005000001 194 P  322.09   0.10     0   1.00  1014.60  1014.60  2.00                   10 MERRIMAC    0 MERRIMAC    152   721
1860011302000000001 183 P  286.40  45.53     0   2.00  1015.56  1015.56  1.60                       MONTREAL  7025280       9999  9999
1860011302000000015 181 P  287.34  41.56    46   2.00  1016.19  9999.99  1.20                     Middletown  CT-064757     9999  9999
1860011302000000016 181 P  278.35  30.33     6   2.00  1023.24  9999.99  1.20                   JACKSONVILLE  FL-084358     9999  9999
1860011302000000017 181 P  278.04  33.47    42   2.00  1010.75  9999.99  1.20                        Augusta  GA-090500     9999  9999
1860011302000000018 181 P  287.48  42.37    79   2.00  1013.42  9999.99  1.20                        AMHERST  MA-190121     9999  9999
1860011302000000019 181 P  289.07  41.63    30   2.00  1019.27  9999.99  1.20                    New Bedford  MA-195246     9999  9999
1860011302000000020 181 P  286.79  42.71   221   2.00   994.49  9999.99  1.20                Williamstown MA  MA-199730     9999  9999
1860011302000000021 181 P  292.04  44.51    13   2.00  1016.90  9999.99  1.20                        STEUBEN  ME-170371     9999  9999
1860011302000000022 181 P  276.99  42.34   182   2.00  1007.15  9999.99  1.20                        DETROIT  MI-202101     9999  9999
1860011302000000023 181 P  272.61  46.54   219   2.00   985.53  9999.99  1.20                      MARQUETTE  MI-205178     9999  9999
1860011302000000024 181 P  285.99  40.69     5   2.00  1028.96  9999.99  1.20                  FORT COLUMBUS  NY-305802     9999  9999
1860011302000000025 181 P  282.38  43.15   156   2.00  1002.15  9999.99  1.20                      ROCHESTER  NY-307160     9999  9999
1860011302000000026 181 P  275.48  39.11   160   2.00  1006.52  9999.99  1.20                     CINCINNATI  OH-331570     9999  9999
1860011302000000027 181 P  277.06  40.13   258   2.00   985.63  9999.99  1.20                    Westerville  OH-338951     9999  9999
1860011302000000028 181 P  279.81  40.26   311   2.00   982.81  9999.99  1.20                  Canonsburg PA  PA-361209     9999  9999
1860011302000000029 181 P  282.83  40.21   139   2.00  1009.04  9999.99  1.20                       Carlisle  PA-361920     9999  9999
1860011302000000030 181 P  284.82  39.94    12   2.00  1015.27  9999.99  1.20    PHILADELPHIA NAVAL HOSPITAL  PA-366902     9999  9999
1860011302000000031 181 P  280.07  32.78     5   2.00  1021.66  9999.99  1.20                     Charleston  SC-381549     9999  9999
1860011302000000032 181 P  288.32  44.46   353   2.00   972.81  9999.99  1.20                      LUNENBURG  VT-433341     9999  9999
1860011302000000033 181 P  280.95  35.90   145   2.00  1007.13  9999.99  1.20         UNC at Chapel Hill, NC  chapel_hill   9999  9999
1860011302300000001 181 P  282.95  38.89    11   2.50  1021.17  9999.99  1.20 US Naval Observatory at Washin  USNO          9999  9999
1860011302990000003 183 P  286.04  41.39     0   3.65  1015.92  1015.92  1.60                  NY_West_Point  309292        9999  9999
1860011302990000007 181 P  265.08  39.32   254   3.65   992.21  9999.99  1.20                 KS_Leavenworth  144585        9999  9999
1860011302001000000 180 P  322.50  33.50     0   2.00  1033.00  1033.00  2.00                                                  1   193
1860011302001000001 180 P  322.60  33.40     0   2.00  1035.10  1035.10  2.00                                                  4   156
1860011302001000002 180 P  327.50  21.50     0   2.00  1019.70  1019.70  2.00                                                  1   193
1860011302001000003 180 P  105.34  -6.84     0   2.00  1003.20  1003.20  2.00                   10 ALBION      0 ALBION       69   701
1860011302001000004 180 P   90.50 -18.50     0   2.00  1016.00  1016.00  2.00                                                  1   193
1860011302001000005 180 P   91.50 -20.50     0   2.00  1014.20  1014.20  2.00                                                  1   193
1860011302001000006 180 P  329.50 -22.50     0   2.00  1018.40  1018.40  2.00                                                  1   193
1860011302001000007 180 P   33.50 -42.50     0   2.00  1019.10  1019.10  2.00                                                  1   193
1860011302005000000 194 P  100.67   3.23     0   2.00  1019.00  1019.00  2.00                   10 CLEMENS     0 CLEMENS     152   721
1860011302005000001 194 P   36.93 -32.77     0   2.00  1018.20  1018.20  2.00                   10 NORTHERN    0 NORTHERN    152   721
